Zip75051: 32.726639 | -96.991417 | Ok
Zip75094: 33.012192 | -96.618917 | High
Zip75160: 32.7630   | -96.292780 | Ok
Zip75236: 32.6789   | -96.938141 | Good
Zip76266: 33.3418   | -97.210645 | Ok